{
    "keyframes": [
        {
            "matrix": "[0.4836630272814878,-0.8752542922150721,-5.551115123125783e-17,0,0.33163089186549755,0.1832582856506717,0.9254390051758525,0,-0.8099944614634111,-0.4476006308077214,0.3788966187486086,0,-0.8441804331384228,-0.05182509322668888,-0.3332843105241055,1]",
            "fov": 50,
            "aspect": 1,
            "properties": "[[\"FOV\",50],[\"NAME\",\"Camera 4\"],[\"TIME\",0]]"
        },
        {
            "matrix": "[0.32613131892551644,0.9453244748846313,8.326672684688676e-16,0,-0.11569502213566821,0.039914094223389325,0.9924825071180623,0,0.9382180048735644,-0.3236796290569172,0.12238657223995747,0,-0.22529208,0.36314817,0.03343253,1]",
            "fov": 50,
            "aspect": 1,
            "properties": "[[\"FOV\",50],[\"NAME\",\"Camera 0\"],[\"TIME\",0.25]]"
        },
        {
            "matrix": "[0.32613131892551644,0.9453244748846313,8.326672684688676e-16,0,-0.11569502213566821,0.039914094223389325,0.9924825071180623,0,0.9382180048735644,-0.3236796290569172,0.12238657223995747,0,0.36922037,-0.00054398,-0.02660703,1]",
            "fov": 50,
            "aspect": 1,
            "properties": "[[\"FOV\",50],[\"NAME\",\"Camera 0\"],[\"TIME\",0.5]]"
        },
        {
            "matrix": "[0.32613131892551644,0.9453244748846313,8.326672684688676e-16,0,-0.11569502213566821,0.039914094223389325,0.9924825071180623,0,0.9382180048735644,-0.3236796290569172,0.12238657223995747,0,-0.19318196,-0.38471176,-0.07071173,1]",
            "fov": 50,
            "aspect": 1,
            "properties": "[[\"FOV\",50],[\"NAME\",\"Camera 0\"],[\"TIME\",0.7604166666666666]]"
        },
        {
            "matrix": "[0.9844854164436813,0.17546642074685162,-2.775557561562891e-17,0,-0.06508832363816468,0.36518956236639033,0.9286549917297694,0,0.16294776750751974,-0.9142472962655855,0.37094461356836295,0,-0.613553418860382,0.2336950820415572,-0.10936553097191955,1]",
            "fov": 50,
            "aspect": 1,
            "properties": "[[\"FOV\",50],[\"NAME\",\"Camera 3\"],[\"TIME\",1]]"
        }
    ],
    "camera_type": "perspective",
    "render_height": 1080,
    "render_width": 1920,
    "camera_path": [
        {
            "camera_to_world": [
                0.5716301456916475,
                1.1102230246251565e-16,
                -0.820511411582158,
                -0.8441804331384228,
                -0.820511411582158,
                1.6653345369377348e-16,
                -0.5716301456916475,
                -0.05182509322668888,
                0.0,
                0.9999999999999998,
                1.6653345369377348e-16,
                -0.3332843105241055,
                0.0,
                0.0,
                0.0,
                1.0
            ],
            "fov": 50,
            "aspect": 1
        },
        {
            "camera_to_world": [
                0.6023299364804473,
                1.6653345369377348e-16,
                -0.7982472346456704,
                -0.7956996863308449,
                -0.7982472346456704,
                5.551115123125783e-17,
                -0.6023299364804473,
                -0.018049747790093742,
                0.0,
                0.9999999999999998,
                1.6653345369377348e-16,
                -0.30387147641971196,
                0.0,
                0.0,
                0.0,
                1.0
            ],
            "fov": 50,
            "aspect": 1
        },
        {
            "camera_to_world": [
                0.6339351389885202,
                1.1102230246251565e-16,
                -0.7733862162953291,
                -0.7530544049950884,
                -0.7733862162953291,
                5.551115123125783e-17,
                -0.6339351389885202,
                0.014128916266987363,
                0.0,
                1.0,
                1.6653345369377348e-16,
                -0.27666370988817496,
                0.0,
                0.0,
                0.0,
                1.0
            ],
            "fov": 50,
            "aspect": 1
        },
        {
            "camera_to_world": [
                0.6658338340962813,
                1.6653345369377348e-16,
                -0.7461000639141142,
                -0.7157179394770131,
                -0.7461000639141142,
                5.551115123125783e-17,
                -0.6658338340962813,
                0.04473315637217019,
                -5.551115123125783e-17,
                0.9999999999999998,
                1.6653345369377348e-16,
                -0.2515279044709338,
                0.0,
                0.0,
                0.0,
                1.0
            ],
            "fov": 50,
            "aspect": 1
        },
        {
            "camera_to_world": [
                0.6972015659002231,
                1.1102230246251565e-16,
                -0.7168751470837006,
                -0.6831636401224794,
                -0.7168751470837006,
                1.6653345369377348e-16,
                -0.6972015659002231,
                0.07378522995307048,
                0.0,
                1.0000000000000002,
                1.6653345369377348e-16,
                -0.22833095370942758,
                0.0,
                0.0,
                0.0,
                1.0
            ],
            "fov": 50,
            "aspect": 1
        },
        {
            "camera_to_world": [
                0.7270040306017818,
                1.6653345369377348e-16,
                -0.686633191368407,
                -0.654864857277347,
                -0.686633191368407,
                5.551115123125783e-17,
                -0.7270040306017818,
                0.10130739443730398,
                -5.551115123125783e-17,
                1.0,
                1.6653345369377348e-16,
                -0.2069397511450955,
                0.0,
                0.0,
                0.0,
                1.0
            ],
            "fov": 50,
            "aspect": 1
        },
        {
            "camera_to_world": [
                0.7540263621529617,
                1.1102230246251565e-16,
                -0.6568441559292209,
                -0.6302949412874764,
                -0.6568441559292209,
                1.1102230246251565e-16,
                -0.7540263621529617,
                0.12732190725248646,
                0.0,
                1.0,
                1.1102230246251565e-16,
                -0.18722119031937678,
                0.0,
                0.0,
                0.0,
                1.0
            ],
            "fov": 50,
            "aspect": 1
        },
        {
            "camera_to_world": [
                0.7769207635896376,
                5.551115123125783e-17,
                -0.629598385562808,
                -0.6089272424987273,
                -0.629598385562808,
                0.0,
                -0.7769207635896376,
                0.15185102582623364,
                -5.551115123125783e-17,
                1.0,
                0.0,
                -0.16904216477371062,
                0.0,
                0.0,
                0.0,
                1.0
            ],
            "fov": 50,
            "aspect": 1
        },
        {
            "camera_to_world": [
                0.7942449210990874,
                1.1102230246251565e-16,
                -0.6075977331329542,
                -0.5902351112569599,
                -0.6075977331329542,
                1.6653345369377348e-16,
                -0.7942449210990874,
                0.1749170075861613,
                0.0,
                1.0,
                1.6653345369377348e-16,
                -0.15226956804953617,
                0.0,
                0.0,
                0.0,
                1.0
            ],
            "fov": 50,
            "aspect": 1
        },
        {
            "camera_to_world": [
                0.8044477920646227,
                1.1102230246251565e-16,
                -0.5940233579939038,
                -0.5736918979080344,
                -0.5940233579939038,
                1.1102230246251565e-16,
                -0.8044477920646227,
                0.1965421099598852,
                0.0,
                1.0,
                1.1102230246251565e-16,
                -0.13677029368829266,
                0.0,
                0.0,
                0.0,
                1.0
            ],
            "fov": 50,
            "aspect": 1
        },
        {
            "camera_to_world": [
                0.8057663245258975,
                1.1102230246251565e-16,
                -0.5922335943359056,
                -0.5587709527978105,
                -0.5922335943359056,
                1.6653345369377348e-16,
                -0.8057663245258975,
                0.21674859037502103,
                0.0,
                1.0,
                1.6653345369377348e-16,
                -0.12241123523141927,
                0.0,
                0.0,
                0.0,
                1.0
            ],
            "fov": 50,
            "aspect": 1
        },
        {
            "camera_to_world": [
                0.7960524089034124,
                5.551115123125783e-17,
                -0.6052276945737647,
                -0.5449456262721485,
                -0.6052276945737647,
                1.6653345369377348e-16,
                -0.7960524089034124,
                0.2355587062591846,
                5.551115123125783e-17,
                1.0,
                1.6653345369377348e-16,
                -0.10905928622035513,
                0.0,
                0.0,
                0.0,
                1.0
            ],
            "fov": 50,
            "aspect": 1
        },
        {
            "camera_to_world": [
                0.7726779377975053,
                1.1102230246251565e-16,
                -0.6347982391602819,
                -0.5316892686769086,
                -0.6347982391602819,
                1.6653345369377348e-16,
                -0.7726779377975052,
                0.25299471503999166,
                0.0,
                0.9999999999999999,
                1.6653345369377348e-16,
                -0.09658134019653955,
                0.0,
                0.0,
                0.0,
                1.0
            ],
            "fov": 50,
            "aspect": 1
        },
        {
            "camera_to_world": [
                0.7328504654374796,
                1.1102230246251565e-16,
                -0.6803897378033193,
                -0.5184752303579504,
                -0.6803897378033193,
                1.1102230246251565e-16,
                -0.7328504654374794,
                0.2690788741450578,
                0.0,
                1.0,
                2.220446049250313e-16,
                -0.08484429070141161,
                0.0,
                0.0,
                0.0,
                1.0
            ],
            "fov": 50,
            "aspect": 1
        },
        {
            "camera_to_world": [
                0.674733249092243,
                5.551115123125783e-17,
                -0.7380616793801349,
                -0.5047768616611343,
                -0.7380616793801349,
                1.1102230246251565e-16,
                -0.674733249092243,
                0.28383344100199914,
                5.551115123125783e-17,
                0.9999999999999999,
                1.1102230246251565e-16,
                -0.07371503127641056,
                0.0,
                0.0,
                0.0,
                1.0
            ],
            "fov": 50,
            "aspect": 1
        },
        {
            "camera_to_world": [
                0.5992719492017382,
                1.1102230246251565e-16,
                -0.8005455208168674,
                -0.49006751293232065,
                -0.8005455208168674,
                5.551115123125783e-17,
                -0.5992719492017382,
                0.2972806730384311,
                0.0,
                1.0,
                1.6653345369377348e-16,
                -0.06306045546297562,
                0.0,
                0.0,
                0.0,
                1.0
            ],
            "fov": 50,
            "aspect": 1
        },
        {
            "camera_to_world": [
                0.511476115065688,
                1.6653345369377348e-16,
                -0.8592974943041037,
                -0.4738205345173689,
                -0.8592974943041038,
                1.1102230246251565e-16,
                -0.511476115065688,
                0.30944282768196946,
                0.0,
                1.0,
                1.1102230246251565e-16,
                -0.05274745680254585,
                0.0,
                0.0,
                0.0,
                1.0
            ],
            "fov": 50,
            "aspect": 1
        },
        {
            "camera_to_world": [
                0.41947376796013214,
                1.6653345369377348e-16,
                -0.9077674581044032,
                -0.45550927676213926,
                -0.9077674581044033,
                1.1102230246251565e-16,
                -0.4194737679601322,
                0.3203421623602302,
                0.0,
                1.0000000000000002,
                2.220446049250313e-16,
                -0.04264292883656061,
                0.0,
                0.0,
                0.0,
                1.0
            ],
            "fov": 50,
            "aspect": 1
        },
        {
            "camera_to_world": [
                0.33152410323242504,
                5.551115123125783e-17,
                -0.9434467494119299,
                -0.4346070900124921,
                -0.9434467494119299,
                -5.551115123125783e-17,
                -0.33152410323242504,
                0.33000093450082885,
                -5.551115123125783e-17,
                1.0000000000000002,
                1.1102230246251565e-16,
                -0.032613765106458914,
                0.0,
                0.0,
                0.0,
                1.0
            ],
            "fov": 50,
            "aspect": 1
        },
        {
            "camera_to_world": [
                0.2533295362394997,
                1.6653345369377348e-16,
                -0.9673800422112708,
                -0.41058732461428715,
                -0.9673800422112708,
                5.551115123125783e-17,
                -0.2533295362394998,
                0.33844140153138114,
                0.0,
                1.0,
                1.1102230246251565e-16,
                -0.022526859153680107,
                0.0,
                0.0,
                0.0,
                1.0
            ],
            "fov": 50,
            "aspect": 1
        },
        {
            "camera_to_world": [
                0.1873158898444618,
                1.6653345369377348e-16,
                -0.982299728907515,
                -0.3829233309133845,
                -0.982299728907515,
                5.551115123125783e-17,
                -0.1873158898444618,
                0.34568582087950284,
                5.551115123125783e-17,
                1.0,
                2.220446049250313e-16,
                -0.012249104519663295,
                0.0,
                0.0,
                0.0,
                1.0
            ],
            "fov": 50,
            "aspect": 1
        },
        {
            "camera_to_world": [
                0.13344593918654252,
                1.6653345369377348e-16,
                -0.9910560939294111,
                -0.3510884592556446,
                -0.9910560939294111,
                5.551115123125783e-17,
                -0.13344593918654252,
                0.3517564499728101,
                5.551115123125783e-17,
                1.0,
                1.6653345369377348e-16,
                -0.0016473947458477134,
                0.0,
                0.0,
                0.0,
                1.0
            ],
            "fov": 50,
            "aspect": 1
        },
        {
            "camera_to_world": [
                0.09038833909079452,
                5.551115123125783e-17,
                -0.9959065961004614,
                -0.31455605998692693,
                -0.9959065961004614,
                -5.551115123125783e-17,
                -0.09038833909079452,
                0.3566755462389181,
                -5.551115123125783e-17,
                1.0,
                5.551115123125783e-17,
                0.009411376626327655,
                0.0,
                0.0,
                0.0,
                1.0
            ],
            "fov": 50,
            "aspect": 1
        },
        {
            "camera_to_world": [
                0.05638143048528091,
                1.6653345369377348e-16,
                -0.9984093019881342,
                -0.272799483453092,
                -0.9984093019881342,
                1.1102230246251565e-16,
                -0.05638143048528099,
                0.3604653671054427,
                5.551115123125783e-17,
                1.0,
                2.220446049250313e-16,
                0.021060316055423134,
                0.0,
                0.0,
                0.0,
                1.0
            ],
            "fov": 50,
            "aspect": 1
        },
        {
            "camera_to_world": [
                0.027627069950999505,
                1.1102230246251565e-16,
                -0.9996182996553847,
                -0.22529208,
                -0.9996182996553847,
                -1.1102230246251565e-16,
                -0.027627069950999505,
                0.36314817,
                -1.1102230246251565e-16,
                1.0,
                1.1102230246251565e-16,
                0.03343253,
                0.0,
                0.0,
                0.0,
                1.0
            ],
            "fov": 50,
            "aspect": 1
        },
        {
            "camera_to_world": [
                -0.003600031733921566,
                1.6653345369377348e-16,
                -0.9999935198647614,
                -0.1759021520775299,
                -0.9999935198647614,
                -5.551115123125783e-17,
                0.003600031733921538,
                0.3645131900222018,
                -5.551115123125783e-17,
                1.0,
                1.942890293094024e-16,
                0.04503733542370169,
                0.0,
                0.0,
                0.0,
                1.0
            ],
            "fov": 50,
            "aspect": 1
        },
        {
            "camera_to_world": [
                -0.037731140764489635,
                2.220446049250313e-16,
                -0.9992879269843152,
                -0.12883275756958967,
                -0.9992879269843152,
                -2.7755575615628914e-17,
                0.03773114076448969,
                0.36434373761020217,
                0.0,
                0.9999999999999999,
                1.6653345369377348e-16,
                0.05438866007142173,
                0.0,
                0.0,
                0.0,
                1.0
            ],
            "fov": 50,
            "aspect": 1
        },
        {
            "camera_to_world": [
                -0.07503830662671818,
                2.220446049250313e-16,
                -0.9971806519074639,
                -0.08405937997308062,
                -0.9971806519074639,
                0.0,
                0.07503830662671818,
                0.3626531831994292,
                0.0,
                1.0,
                2.220446049250313e-16,
                0.06162652657359603,
                0.0,
                0.0,
                0.0,
                1.0
            ],
            "fov": 50,
            "aspect": 1
        },
        {
            "camera_to_world": [
                -0.11578923861581122,
                2.220446049250313e-16,
                -0.9932738052625625,
                -0.04155750278490468,
                -0.9932738052625625,
                0.0,
                0.1157892386158112,
                0.3594548972253112,
                0.0,
                1.0,
                2.498001805406602e-16,
                0.06689095756066038,
                0.0,
                0.0,
                0.0,
                1.0
            ],
            "fov": 50,
            "aspect": 1
        },
        {
            "camera_to_world": [
                -0.1602283856293954,
                2.220446049250313e-16,
                -0.9870799686137884,
                -0.0013026095019637936,
                -0.9870799686137884,
                -2.7755575615628914e-17,
                0.16022838562939545,
                0.3547622501232764,
                0.0,
                0.9999999999999999,
                1.6653345369377348e-16,
                0.07032197566305054,
                0.0,
                0.0,
                0.0,
                1.0
            ],
            "fov": 50,
            "aspect": 1
        },
        {
            "camera_to_world": [
                -0.2085489340997055,
                1.6653345369377348e-16,
                -0.9780119335089303,
                0.036729816378840714,
                -0.9780119335089303,
                -8.326672684688674e-17,
                0.20854893409970554,
                0.3485886123287531,
                -5.551115123125783e-17,
                0.9999999999999998,
                1.3877787807814457e-16,
                0.07205960351120234,
                0.0,
                0.0,
                0.0,
                1.0
            ],
            "fov": 50,
            "aspect": 1
        },
        {
            "camera_to_world": [
                -0.26085368190532676,
                2.220446049250313e-16,
                -0.9653783489577724,
                0.07256429136060692,
                -0.9653783489577724,
                -5.551115123125783e-17,
                0.2608536819053267,
                0.34094735427716955,
                0.0,
                1.0,
                2.498001805406602e-16,
                0.07224386373555161,
                0.0,
                0.0,
                0.0,
                1.0
            ],
            "fov": 50,
            "aspect": 1
        },
        {
            "camera_to_world": [
                -0.31710377949719554,
                1.6653345369377348e-16,
                -0.9483908440240206,
                0.10622533194643297,
                -0.9483908440240205,
                -5.551115123125783e-17,
                0.31710377949719554,
                0.3318518464039539,
                0.0,
                1.0,
                1.6653345369377348e-16,
                0.07101477896653416,
                0.0,
                0.0,
                0.0,
                1.0
            ],
            "fov": 50,
            "aspect": 1
        },
        {
            "camera_to_world": [
                -0.3770568733874941,
                1.1102230246251565e-16,
                -0.9261901069603621,
                0.13773745463941742,
                -0.9261901069603621,
                -8.326672684688674e-17,
                0.37705687338749405,
                0.32131545914453447,
                0.0,
                0.9999999999999999,
                1.1102230246251565e-16,
                0.06851237183458578,
                0.0,
                0.0,
                0.0,
                1.0
            ],
            "fov": 50,
            "aspect": 1
        },
        {
            "camera_to_world": [
                -0.4402008401799875,
                1.1102230246251565e-16,
                -0.897899337512192,
                0.16712517594265835,
                -0.897899337512192,
                -1.3877787807814457e-16,
                0.44020084017998745,
                0.3093515629343396,
                0.0,
                1.0,
                1.942890293094024e-16,
                0.0648766649701423,
                0.0,
                0.0,
                0.0,
                1.0
            ],
            "fov": 50,
            "aspect": 1
        },
        {
            "camera_to_world": [
                -0.505696074632597,
                1.1102230246251565e-16,
                -0.8627117016136868,
                0.19441301235925398,
                -0.8627117016136868,
                -9.71445146547012e-17,
                0.5056960746325969,
                0.29597352820879735,
                0.0,
                1.0,
                2.3592239273284576e-16,
                0.06024768100363949,
                0.0,
                0.0,
                0.0,
                1.0
            ],
            "fov": 50,
            "aspect": 1
        },
        {
            "camera_to_world": [
                -0.5723466884157826,
                1.6653345369377348e-16,
                -0.8200117488545434,
                0.21962548039230284,
                -0.8200117488545433,
                -1.3877787807814457e-16,
                0.5723466884157827,
                0.28119472540333607,
                0.0,
                0.9999999999999999,
                1.942890293094024e-16,
                0.05476544256551319,
                0.0,
                0.0,
                0.0,
                1.0
            ],
            "fov": 50,
            "aspect": 1
        },
        {
            "camera_to_world": [
                -0.6386251124205211,
                1.1102230246251565e-16,
                -0.7695180087469539,
                0.24278709654490305,
                -0.7695180087469539,
                -1.3877787807814457e-16,
                0.6386251124205211,
                0.2650285249533841,
                -1.1102230246251565e-16,
                1.0,
                1.942890293094024e-16,
                0.04856997228619922,
                0.0,
                0.0,
                0.0,
                1.0
            ],
            "fov": 50,
            "aspect": 1
        },
        {
            "camera_to_world": [
                -0.7027697318022608,
                1.1102230246251565e-16,
                -0.7114173908912956,
                0.2639223773201527,
                -0.7114173908912956,
                -9.71445146547012e-17,
                0.7027697318022609,
                0.24748829729436955,
                0.0,
                1.0,
                1.249000902703301e-16,
                0.04180129279613344,
                0.0,
                0.0,
                0.0,
                1.0
            ],
            "fov": 50,
            "aspect": 1
        },
        {
            "camera_to_world": [
                -0.7629570618980628,
                5.551115123125783e-17,
                -0.6464491640491739,
                0.28305583922115046,
                -0.6464491640491739,
                -1.5265566588595902e-16,
                0.7629570618980628,
                0.22858741286172068,
                -5.551115123125783e-17,
                1.0,
                1.8041124150158794e-16,
                0.0345994267257515,
                0.0,
                0.0,
                0.0,
                1.0
            ],
            "fov": 50,
            "aspect": 1
        },
        {
            "camera_to_world": [
                -0.817521443464751,
                5.551115123125783e-17,
                -0.5758981589441923,
                0.30021199875099425,
                -0.5758981589441923,
                -1.5265566588595902e-16,
                0.8175214434647509,
                0.2083392420908658,
                -5.551115123125783e-17,
                1.0,
                1.8041124150158794e-16,
                0.027104396705489267,
                0.0,
                0.0,
                0.0,
                1.0
            ],
            "fov": 50,
            "aspect": 1
        },
        {
            "camera_to_world": [
                -0.8651692395032787,
                1.1102230246251565e-16,
                -0.5014799966273015,
                0.3154153724127824,
                -0.5014799966273015,
                -1.3183898417423734e-16,
                0.8651692395032786,
                0.18675715541723317,
                0.0,
                1.0,
                2.0122792321330962e-16,
                0.019456225365782717,
                0.0,
                0.0,
                0.0,
                1.0
            ],
            "fov": 50,
            "aspect": 1
        },
        {
            "camera_to_world": [
                -0.9051281343698534,
                8.326672684688674e-17,
                -0.42513887186676835,
                0.3286904767096135,
                -0.42513887186676835,
                -1.8041124150158794e-16,
                0.9051281343698533,
                0.163854523276251,
                2.7755575615628914e-17,
                0.9999999999999999,
                1.5265566588595902e-16,
                0.011794935337067464,
                0.0,
                0.0,
                0.0,
                1.0
            ],
            "fov": 50,
            "aspect": 1
        },
        {
            "camera_to_world": [
                -0.937193033666837,
                2.7755575615628914e-17,
                -0.34881114897083,
                0.3400618281445855,
                -0.34881114897083,
                -9.367506770274758e-17,
                0.937193033666837,
                0.1396447161033475,
                -2.7755575615628914e-17,
                0.9999999999999998,
                1.2836953722228372e-16,
                0.004260549249779394,
                0.0,
                0.0,
                0.0,
                1.0
            ],
            "fov": 50,
            "aspect": 1
        },
        {
            "camera_to_world": [
                -0.9616678742250026,
                5.551115123125783e-17,
                -0.2742168843881873,
                0.34955394322079675,
                -0.2742168843881873,
                -1.6306400674181987e-16,
                0.9616678742250027,
                0.11414110433395114,
                0.0,
                1.0,
                1.700029006457271e-16,
                -0.003006910265645646,
                0.0,
                0.0,
                0.0,
                1.0
            ],
            "fov": 50,
            "aspect": 1
        },
        {
            "camera_to_world": [
                -0.9792360741678188,
                2.7755575615628914e-17,
                -0.2027232375639219,
                0.3571913384413454,
                -0.2027232375639219,
                -8.673617379884035e-17,
                0.9792360741678188,
                0.08735705840348984,
                0.0,
                1.0,
                1.3530843112619095e-16,
                -0.00986742057877188,
                0.0,
                0.0,
                0.0,
                1.0
            ],
            "fov": 50,
            "aspect": 1
        },
        {
            "camera_to_world": [
                -0.990805729899518,
                4.163336342344337e-17,
                -0.13529229689189015,
                0.3629985303093302,
                -0.13529229689189015,
                -1.465841337200402e-16,
                0.9908057298995181,
                0.05930594874739198,
                1.3877787807814457e-17,
                1.0,
                1.8648277366750676e-16,
                -0.016180959059163696,
                0.0,
                0.0,
                0.0,
                1.0
            ],
            "fov": 50,
            "aspect": 1
        },
        {
            "camera_to_world": [
                -0.99736848328189,
                6.938893903907228e-18,
                -0.07249902451745197,
                0.36700003532784886,
                -0.07249902451745197,
                -1.6859343782149594e-16,
                0.9973684832818899,
                0.030001145801086104,
                0.0,
                0.9999999999999998,
                1.6447346956605102e-16,
                -0.021807503076384904,
                0.0,
                0.0,
                0.0,
                1.0
            ],
            "fov": 50,
            "aspect": 1
        },
        {
            "camera_to_world": [
                -0.9999975568531537,
                2.168404344971009e-19,
                -0.00221049490453876,
                0.36922037,
                -0.00221049490453876,
                -1.0196381448722295e-16,
                0.9999975568531538,
                -0.00054398,
                0.0,
                0.9999999999999998,
                1.2008079043780836e-16,
                -0.02660703,
                0.0,
                0.0,
                0.0,
                1.0
            ],
            "fov": 50,
            "aspect": 1
        },
        {
            "camera_to_world": [
                -0.996855906601143,
                -1.3877787807814457e-17,
                0.07923573357023561,
                0.36928607431760957,
                0.07923573357023561,
                -1.8604909279851256e-16,
                0.9968559066011429,
                -0.030267711526975858,
                0.0,
                1.0,
                1.470178145890344e-16,
                -0.030525144101547136,
                0.0,
                0.0,
                0.0,
                1.0
            ],
            "fov": 50,
            "aspect": 1
        },
        {
            "camera_to_world": [
                -0.9871397244556317,
                -2.7755575615628914e-17,
                0.15985982735402787,
                0.3669589577641699,
                0.15985982735402787,
                -1.5785983631388945e-16,
                0.9871397244556317,
                -0.05954490474674074,
                -1.3877787807814457e-17,
                1.0,
                1.7520707107365752e-16,
                -0.033973211106597345,
                0.0,
                0.0,
                0.0,
                1.0
            ],
            "fov": 50,
            "aspect": 1
        },
        {
            "camera_to_world": [
                -0.9710347911781085,
                -4.163336342344337e-17,
                0.23893813911070674,
                0.3623058904802788,
                0.23893813911070672,
                -1.8388068845354155e-16,
                0.9710347911781085,
                -0.08827774921755069,
                0.0,
                1.0000000000000002,
                1.491862189340054e-16,
                -0.036989129265763844,
                0.0,
                0.0,
                0.0,
                1.0
            ],
            "fov": 50,
            "aspect": 1
        },
        {
            "camera_to_world": [
                -0.9488137950908934,
                -2.7755575615628914e-17,
                0.31583600530214384,
                0.3553937426065338,
                0.31583600530214384,
                -1.8908485888147197e-16,
                0.9488137950908935,
                -0.11636843449766143,
                2.7755575615628914e-17,
                1.0,
                1.43982048506075e-16,
                -0.039610796829659824,
                0.0,
                0.0,
                0.0,
                1.0
            ],
            "fov": 50,
            "aspect": 1
        },
        {
            "camera_to_world": [
                -0.9208090529597946,
                -5.551115123125783e-17,
                0.390013702307093,
                0.34628938428353223,
                0.390013702307093,
                -1.8041124150158794e-16,
                0.9208090529597946,
                -0.14371915014532993,
                0.0,
                0.9999999999999999,
                1.5265566588595902e-16,
                -0.04187611204889858,
                0.0,
                0.0,
                0.0,
                1.0
            ],
            "fov": 50,
            "aspect": 1
        },
        {
            "camera_to_world": [
                -0.8873878719682503,
                -8.326672684688674e-17,
                0.4610236053432191,
                0.33505968565187205,
                0.46102360534321907,
                -1.8388068845354155e-16,
                0.8873878719682502,
                -0.17023208571881135,
                0.0,
                1.0,
                1.491862189340054e-16,
                -0.04382297317409326,
                0.0,
                0.0,
                0.0,
                1.0
            ],
            "fov": 50,
            "aspect": 1
        },
        {
            "camera_to_world": [
                -0.8489327503782832,
                -1.1102230246251565e-16,
                0.5285008848953459,
                0.32177151685215094,
                0.5285008848953459,
                -1.6653345369377348e-16,
                0.8489327503782832,
                -0.19580943077636168,
                -5.551115123125783e-17,
                1.0,
                1.6653345369377348e-16,
                -0.04548927845585708,
                0.0,
                0.0,
                0.0,
                1.0
            ],
            "fov": 50,
            "aspect": 1
        },
        {
            "camera_to_world": [
                -0.8058274946920319,
                -1.1102230246251565e-16,
                0.5921503599579785,
                0.306491748024966,
                0.5921503599579785,
                -1.457167719820518e-16,
                0.8058274946920319,
                -0.22035337487623788,
                0.0,
                1.0,
                1.8735013540549517e-16,
                -0.0469129261448033,
                0.0,
                0.0,
                0.0,
                1.0
            ],
            "fov": 50,
            "aspect": 1
        },
        {
            "camera_to_world": [
                -0.7584493630122953,
                -5.551115123125783e-17,
                0.6517319723216313,
                0.2892872493109156,
                0.6517319723216313,
                -1.5265566588595902e-16,
                0.7584493630122953,
                -0.2437661075766948,
                5.551115123125783e-17,
                1.0,
                1.8041124150158794e-16,
                -0.048131814491545105,
                0.0,
                0.0,
                0.0,
                1.0
            ],
            "fov": 50,
            "aspect": 1
        },
        {
            "camera_to_world": [
                -0.7071666308297034,
                -1.6653345369377348e-16,
                0.7070469264772783,
                0.27022489085059676,
                0.7070469264772783,
                -1.5265566588595902e-16,
                0.7071666308297035,
                -0.2659498184359894,
                -5.551115123125783e-17,
                1.0,
                1.8041124150158794e-16,
                -0.04918384174669573,
                0.0,
                0.0,
                0.0,
                1.0
            ],
            "fov": 50,
            "aspect": 1
        },
        {
            "camera_to_world": [
                -0.6523405249517039,
                -5.551115123125783e-17,
                0.7579260118941262,
                0.249371542784607,
                0.7579260118941262,
                2.7755575615628914e-17,
                0.6523405249517039,
                -0.28680669701237765,
                -5.551115123125783e-17,
                0.9999999999999999,
                2.7755575615628914e-17,
                -0.05010690616086838,
                0.0,
                0.0,
                0.0,
                1.0
            ],
            "fov": 50,
            "aspect": 1
