{
  "keyframes": [
    {
      "matrix": "[0.4836630272814878,-0.8752542922150721,-5.551115123125783e-17,0,0.33163089186549755,0.1832582856506717,0.9254390051758525,0,-0.8099944614634111,-0.4476006308077214,0.3788966187486086,0,-0.8441804331384228,-0.05182509322668888,-0.3332843105241055,1]",
      "fov": 50,
      "aspect": 1,
      "properties": "[[\"FOV\",50],[\"NAME\",\"Camera 4\"],[\"TIME\",0]]"
    },
    {
      "matrix": "[0.32613131892551644,0.9453244748846313,8.326672684688676e-16,0,-0.11569502213566821,0.039914094223389325,0.9924825071180623,0,0.9382180048735644,-0.3236796290569172,0.12238657223995747,0,-0.22529208,0.36314817,0.03343253,1]",
      "fov": 50,
      "aspect": 1,
      "properties": "[[\"FOV\",50],[\"NAME\",\"Camera 0\"],[\"TIME\",0.25]]"
    },
    {
      "matrix": "[0.32613131892551644,0.9453244748846313,8.326672684688676e-16,0,-0.11569502213566821,0.039914094223389325,0.9924825071180623,0,0.9382180048735644,-0.3236796290569172,0.12238657223995747,0,0.36922037,-0.00054398,-0.02660703,1]",
      "fov": 50,
      "aspect": 1,
      "properties": "[[\"FOV\",50],[\"NAME\",\"Camera 0\"],[\"TIME\",0.5]]"
    },
    {
      "matrix": "[0.32613131892551644,0.9453244748846313,8.326672684688676e-16,0,-0.11569502213566821,0.039914094223389325,0.9924825071180623,0,0.9382180048735644,-0.3236796290569172,0.12238657223995747,0,-0.19318196,-0.38471176,-0.07071173,1]",
      "fov": 50,
      "aspect": 1,
      "properties": "[[\"FOV\",50],[\"NAME\",\"Camera 0\"],[\"TIME\",0.7604166666666666]]"
    },
    {
      "matrix": "[0.9844854164436813,0.17546642074685162,-2.775557561562891e-17,0,-0.06508832363816468,0.36518956236639033,0.9286549917297694,0,0.16294776750751974,-0.9142472962655855,0.37094461356836295,0,-0.613553418860382,0.2336950820415572,-0.10936553097191955,1]",
      "fov": 50,
      "aspect": 1,
      "properties": "[[\"FOV\",50],[\"NAME\",\"Camera 3\"],[\"TIME\",1]]"
    }
  ],
  "camera_type": "perspective",
  "render_height": 1080,
  "render_width": 1920,
  "camera_path": [
    {
      "camera_to_world": [
        0.483663027281488,
        0.3316308918654975,
        -0.8099944614634111,
        -0.8441804331384228,
        -0.8752542922150721,
        0.1832582856506719,
        -0.44760063080772144,
        -0.05182509322668888,
        2.7755575615628914e-17,
        0.9254390051758525,
        0.37889661874860875,
        -0.3332843105241055,
        0,
        0,
        0,
        1
      ],
      "fov": 50,
      "aspect": 1
    },
    {
      "camera_to_world": [
        0.5404795588807272,
        0.35198562493631885,
        -0.7641910535136378,
        -0.7956996863308449,
        -0.8411945247485916,
        0.208211196465125,
        -0.49903894557394246,
        -0.018049747790093742,
        -0.01654140154538683,
        0.9125536792456376,
        0.408622276106142,
        -0.30387147641971196,
        0,
        0,
        0,
        1
      ],
      "fov": 50,
      "aspect": 1
    },
    {
      "camera_to_world": [
        0.6068997231977102,
        0.3690292391573135,
        -0.7039106098287744,
        -0.7530544049950884,
        -0.7940619596068268,
        0.24394237120397533,
        -0.5567384698731965,
        0.014128916266987363,
        -0.033739150669645085,
        0.8968330614882328,
        0.44108063835735833,
        -0.27666370988817496,
        0,
        0,
        0,
        1
      ],
      "fov": 50,
      "aspect": 1
    },
    {
      "camera_to_world": [
        0.6828218238350463,
        0.37811973285306677,
        -0.625123847346833,
        -0.7157179394770131,
        -0.7287589077806866,
        0.2920577120331328,
        -0.6193647932941237,
        0.04473315637217019,
        -0.05162180958550358,
        0.8784803699964485,
        0.4749815031198804,
        -0.2515279044709338,
        0,
        0,
        0,
        1
      ],
      "fov": 50,
      "aspect": 1
    },
    {
      "camera_to_world": [
        0.7659634108859997,
        0.3723172228691911,
        -0.524099168801915,
        -0.6831636401224794,
        -0.639073040002074,
        0.35233081630207935,
        -0.6837021613439714,
        0.07378522995307048,
        -0.06989780201403109,
        0.8586284886019584,
        0.507810413279133,
        -0.22833095370942758,
        0,
        0,
        0,
        1
      ],
      "fov": 50,
      "aspect": 1
    },
    {
      "camera_to_world": [
        0.8502109786902459,
        0.34332380432471343,
        -0.39908652833512226,
        -0.654864857277347,
        -0.5190856081147043,
        0.42043423445609246,
        -0.7441674448304677,
        0.10130739443730398,
        -0.08770075919148071,
        0.8398594048299545,
        0.5356722476999461,
        -0.2069397511450955,
        0,
        0,
        0,
        1
      ],
      "fov": 50,
      "aspect": 1
    },
    {
      "camera_to_world": [
        0.9246179273218013,
        0.285091665573213,
        -0.25259538930041403,
        -0.6302949412874764,
        -0.36658807438425267,
        0.48600568138621136,
        -0.7933546882571314,
        0.12732190725248646,
        -0.10341601517357973,
        0.8261484248493219,
        0.5538807704954218,
        -0.18722119031937678,
        0,
        0,
        0,
        1
      ],
      "fov": 50,
      "aspect": 1
    },
    {
      "camera_to_world": [
        0.9754786468778217,
        0.19958972911751072,
        -0.09276502312947893,
        -0.6089272424987273,
        -0.18768725947231402,
        0.5342116281372734,
        -0.8242520421537916,
        0.15185102582623364,
        -0.11495608777783953,
        0.8214510797325196,
        0.5585724854386326,
        -0.16904216477371062,
        0,
        0,
        0,
        1
      ],
      "fov": 50,
      "aspect": 1
    },
    {
      "camera_to_world": [
        0.9926869007166946,
        0.09962460117874712,
        0.06817371916991817,
        -0.5902351112569599,
        0.0017485976889782058,
        0.5528117185386366,
        -0.8333043539142712,
        0.1749170075861613,
        -0.1207048447727157,
        0.8273295248486752,
        0.5485947482086024,
        -0.15226956804953617,
        0,
        0,
        0,
        1
      ],
      "fov": 50,
      "aspect": 1
    },
    {
      "camera_to_world": [
        0.9758967825518312,
        0.003322738716718186,
        0.21820730788038312,
        -0.5736918979080344,
        0.1819477966590914,
        0.5397151157116707,
        -0.8219504809678256,
        0.1965421099598852,
        -0.12050090910813006,
        0.8418411686771788,
        0.5261016799292281,
        -0.13677029368829266,
        0,
        0,
        0,
        1
      ],
      "fov": 50,
      "aspect": 1
    },
    {
      "camera_to_world": [
        0.9338719999380364,
        -0.07564265023311666,
        0.34951577531985933,
        -0.5587709527978105,
        0.3383977491762359,
        0.5029495524276598,
        -0.795316736316591,
        0.21674859037502103,
        -0.11562893705378996,
        0.8609993827979944,
        0.4952878069741709,
        -0.12241123523141927,
        0,
        0,
        0,
        1
      ],
      "fov": 50,
      "aspect": 1
    },
    {
      "camera_to_world": [
        0.8782217404895202,
        -0.13258597465538127,
        0.4595079257817441,
        -0.5449456262721485,
        0.4659209910869679,
        0.4539766022032787,
        -0.7594885612808819,
        0.2355587062591846,
        -0.10790831569483358,
        0.8810937543625244,
        0.46046671044414866,
        -0.10905928622035513,
        0,
        0,
        0,
        1
      ],
      "fov": 50,
      "aspect": 1
    },
    {
      "camera_to_world": [
        0.8181967381447366,
        -0.16949790911957988,
        0.5493856172975446,
        -0.5316892686769086,
        0.5663735584952054,
        0.40194151485480134,
        -0.7194887149036501,
        0.25299471503999166,
        -0.09886905444471304,
        0.8998408067210102,
        0.4248663703247059,
        -0.09658134019653955,
        0,
        0,
        0,
        1
      ],
      "fov": 50,
      "aspect": 1
    },
    {
      "camera_to_world": [
        0.7592712543668235,
        -0.190921468991655,
        0.6221383728482749,
        -0.5184752303579504,
        0.6445930305398274,
        0.35208616255811676,
        -0.678627408166352,
        0.2690788741450578,
        -0.08948177061118061,
        0.9162883426155589,
        0.39039555058314923,
        -0.08484429070141161,
        0,
        0,
        0,
        1
      ],
      "fov": 50,
      "aspect": 1
    },
    {
      "camera_to_world": [
        0.7039466367965185,
        -0.2013399248169242,
        0.681117733741815,
        -0.5047768616611343,
        0.7057052657862813,
        0.3066204730624914,
        -0.6387205674944624,
        0.28383344100199914,
        -0.08024469069280916,
        0.9302935666625074,
        0.3579310959416157,
        -0.07371503127641056,
        0,
        0,
        0,
        1
      ],
      "fov": 50,
      "aspect": 1
    },
    {
      "camera_to_world": [
        0.6529567014453381,
        -0.20424449387736915,
        0.7293365017318145,
        -0.49006751293232065,
        0.7540265457857357,
        0.2660183866702178,
        -0.6005648892532819,
        0.2972806730384311,
        -0.07135484768434303,
        0.9420819522069996,
        0.32770425849810436,
        -0.06306045546297562,
        0,
        0,
        0,
        1
      ],
      "fov": 50,
      "aspect": 1
    },
    {
      "camera_to_world": [
        0.6061606981312112,
        -0.20207617024563357,
        0.7692427636708326,
        -0.4738205345173689,
        0.7928554378210564,
        0.22995149350329733,
        -0.5643603151827601,
        0.30944282768196946,
        -0.06284475124196111,
        0.9519913508296494,
        0.29960474827157746,
        -0.05274745680254585,
        0,
        0,
        0,
        1
      ],
      "fov": 50,
      "aspect": 1
    },
    {
      "camera_to_world": [
        0.56306601989329,
        -0.19645201624380934,
        0.8027224069099301,
        -0.45550927676213926,
        0.8246018062645512,
        0.19781109576662184,
        -0.5300024825383822,
        0.3203421623602302,
        -0.05466734259838382,
        0.960352735043406,
        0.27337539382300025,
        -0.04264292883656061,
        0,
        0,
        0,
        1
      ],
      "fov": 50,
      "aspect": 1
    },
    {
      "camera_to_world": [
        0.5230979849096493,
        -0.18841729859329256,
        0.8311843476475422,
        -0.4346070900124921,
        0.8509897719495205,
        0.16895857883886817,
        -0.4972619095346567,
        0.33000093450082885,
        -0.04674298044377821,
        0.9674460813024962,
        0.24872308608506075,
        -0.032613765106458914,
        0,
        0,
        0,
        1
      ],
      "fov": 50,
      "aspect": 1
    },
    {
      "camera_to_world": [
        0.48572578942903377,
        -0.1786462085647237,
        0.8556611418365282,
        -0.41058732461428715,
        0.873241508846676,
        0.1428279784384048,
        -0.46588564670139754,
        0.33844140153138114,
        -0.03898364670887944,
        0.9734915000864915,
        0.2253765172963445,
        -0.022526859153680107,
        0,
        0,
        0,
        1
      ],
      "fov": 50,
      "aspect": 1
    },
    {
      "camera_to_world": [
        0.4505132630909031,
        -0.1675836003279675,
        0.8768999581938083,
        -0.3829233309133845,
        0.8922207253052503,
        0.1189560104547422,
        -0.43565082911944997,
        0.34568582087950284,
        -0.03130458616496408,
        0.9786547933146843,
        0.20311282186812585,
        -0.012249104519663295,
        0,
        0,
        0,
        1
      ],
      "fov": 50,
      "aspect": 1
    },
    {
      "camera_to_world": [
        0.41713188765713644,
        -0.1555393501325611,
        0.8954376018796255,
        -0.3510884592556446,
        0.908538742777703,
        0.09697917121267711,
        -0.4063894600291862,
        0.3517564499728101,
        -0.023629243989291178,
        0.9830577556335349,
        0.1817666303732666,
        -0.0016473947458477134,
        0,
        0,
        0,
        1
      ],
      "fov": 50,
      "aspect": 1
    },
    {
      "camera_to_world": [
        0.3853552742468338,
        -0.14274852325188264,
        0.9116601185307791,
        -0.31455605998692693,
        0.9226314538492347,
        0.07661739943471786,
        -0.37799599795752925,
        0.3566755462389181,
        -0.015890656946615983,
        0.9867890520335476,
        0.16122919651396067,
        0.009411376626327655,
        0,
        0,
        0,
        1
      ],
      "fov": 50,
      "aspect": 1
    },
    {
      "camera_to_world": [
        0.35504477913625493,
        -0.12940771876649682,
        0.9258492572399348,
        -0.272799483453092,
        0.9348147989373016,
        0.057653671650557174,
        -0.35042452230547766,
        0.3604653671054427,
        -0.008030971043432202,
        0.9899139843788757,
        0.14144188571720384,
        0.021060316055423134,
        0,
        0,
        0,
        1
      ],
      "fov": 50,
      "aspect": 1
    },
    {
      "camera_to_world": [
        0.32613131892551656,
        -0.11569502213566815,
        0.9382180048735638,
        -0.22529208,
        0.9453244748846308,
        0.03991409422338967,
        -0.323679629056917,
        0.36314817,
        7.702172233337022e-16,
        0.9924825071180619,
        0.12238657223995766,
        0.03343253,
        0,
        0,
        0,
        1
      ],
      "fov": 50,
      "aspect": 1
    },
    {
      "camera_to_world": [
        0.3017033351885403,
        -0.10339002034816633,
        0.9477792998523005,
        -0.1759021520775299,
        0.953374040493532,
        0.025123235498843485,
        -0.30074368148160174,
        0.3645131900222018,
        0.007282612796846921,
        0.9943235523361977,
        0.10614912538676799,
        0.04503733542370169,
        0,
        0,
        0,
        1
      ],
      "fov": 50,
      "aspect": 1
    },
    {
      "camera_to_world": [
        0.28349674659697865,
        -0.09380378755252552,
        0.9543743731417609,
        -0.12883275756958967,
        0.958884157513417,
        0.01416669084843395,
        -0.2834439580237853,
        0.36434373761020217,
        0.013067790123542847,
        0.9954899066847467,
        0.0939631765644472,
        0.05438866007142173,
        0,
        0,
        0,
        1
      ],
      "fov": 50,
      "aspect": 1
    },
    {
      "camera_to_world": [
        0.26997923893059306,
        -0.08646193085788484,
        0.9589763005720132,
        -0.08405937997308062,
        0.9627053882368243,
        0.0060404932433984464,
        -0.270484468872359,
        0.3626531831994292,
        0.017593919581589124,
        0.9962368428007985,
        0.08486817448286359,
        0.06162652657359603,
        0,
        0,
        0,
        1
      ],
      "fov": 50,
      "aspect": 1
    },
    {
      "camera_to_world": [
        0.26010803072073907,
        -0.08098109160635135,
        0.9621776733830519,
        -0.04155750278490468,
        0.9653502694687416,
        0.00009656576305233529,
        -0.26095755959864714,
        0.3594548972253112,
        0.02103971461800578,
        0.9967156332060298,
        0.07820023613452673,
        0.06689095756066038,
        0,
        0,
        0,
        1
      ],
      "fov": 50,
      "aspect": 1
    },
    {
      "camera_to_world": [
        0.2531556410884459,
        -0.07706077674602273,
        0.9643515220459796,
        -0.0013026095019637936,
        0.967139008953248,
        -0.004101005411762089,
        -0.254215104027165,
        0.3547622501232764,
        0.023544824187655883,
        0.9970179629484678,
        0.07349029059719407,
        0.07032197566305054,
        0,
        0,
        0,
        1
      ],
      "fov": 50,
      "aspect": 1
    },
    {
      "camera_to_world": [
        0.2486029257629206,
        -0.0744667592533659,
        0.9657387260892136,
        0.036729816378840714,
        0.9682770251942409,
        -0.0068570079411823075,
        -0.24978507546105758,
        0.3485886123287531,
        0.025222763193343434,
        0.9971999213840703,
        0.07039977988954735,
        0.07205960351120234,
        0,
        0,
        0,
        1
      ],
      "fov": 50,
      "aspect": 1
    },
    {
      "camera_to_world": [
        0.24607132727576048,
        -0.07301514626162707,
        0.9664976411296299,
        0.07256429136060692,
        0.9688983810191398,
        -0.008392554435957102,
        -0.2473165831248063,
        0.34094735427716955,
        0.026169240555188135,
        0.9972955196161429,
        0.06867908999347612,
        0.07224386373555161,
        0,
        0,
        0,
        1
      ],
      "fov": 50,
      "aspect": 1
    },
    {
      "camera_to_world": [
        0.24527844666275656,
        -0.07255916245774624,
        0.966733495616106,
        0.10622533194643297,
        0.9690912983574963,
        -0.008873971684761102,
        -0.24654271044652715,
        0.3318518464039539,
        0.0264676982468701,
        0.9973246314866432,
        0.06813985896334233,
        0.07101477896653416,
        0,
        0,
        0,
        1
      ],
      "fov": 50,
      "aspect": 1
    },
    {
      "camera_to_world": [
        0.2460077517834761,
        -0.07297860784877139,
        0.9665165848855853,
        0.13773745463941742,
        0.9689138794027071,
        -0.008431146911532565,
        -0.24725454507966632,
        0.32131545914453447,
        0.026193135803798444,
        0.9972978685218432,
        0.0686358585474996,
        0.06851237183458578,
        0,
        0,
        0,
        1
      ],
      "fov": 50,
      "aspect": 1
    },
    {
      "camera_to_world": [
        0.2480869699049406,
        -0.07417144314056322,
        0.9658941206912024,
        0.16712517594265835,
        0.9684043266094502,
        -0.0071697741028493005,
        -0.24928227883949483,
        0.3093515629343396,
        0.025414869023519804,
        0.9972197307322797,
        0.07004921891610941,
        0.0648766649701423,
        0,
        0,
        0,
        1
      ],
      "fov": 50,
      "aspect": 1
    },
    {
      "camera_to_world": [
        0.2513718355863825,
        -0.07604693899396374,
        0.9648984730755775,
        0.19441301235925398,
        0.9675880460669574,
        -0.0051800617988919375,
        -0.25248077167991917,
        0.29597352820879735,
        0.02419862356127966,
        0.9970907832436364,
        0.07227998746770407,
        0.06024768100363949,
        0,
        0,
        0,
        1
      ],
      "fov": 50,
      "aspect": 1
    },
    {
      "camera_to_world": [
        0.2557331122469129,
        -0.07851994282427247,
        0.9635534203558103,
        0.21962548039230284,
        0.9664830282407338,
        -0.002543439628886784,
        -0.2567179133552534,
        0.28119472540333607,
        0.022608215832503407,
        0.9969092985290724,
        0.07523775038598475,
        0.05476544256551319,
        0,
        0,
        0,
        1
      ],
      "fov": 50,
      "aspect": 1
    },
    {
      "camera_to_world": [
        0.26104557473453815,
        -0.08150595878701929,
        0.9618794033524802,
        0.24278709654490305,
        0.965104361639372,
        0.0006617819948123666,
        -0.2618647230713828,
        0.2650285249533841,
        0.020706980856110814,
        0.9966726346834249,
        0.07883451158613597,
        0.04856997228619922,
        0,
        0,
        0,
        1
      ],
      "fov": 50,
      "aspect": 1
    },
    {
      "camera_to_world": [
        0.26717815291822383,
        -0.08491687367720874,
        0.9598984108581987,
        0.2639223773201527,
        0.963468420078949,
        0.004355203113659054,
        -0.2677865487966354,
        0.24748829729436955,
        0.018559043988853573,
        0.9963785208296733,
        0.08297834124331513,
        0.04180129279613344,
        0,
        0,
        0,
        1
      ],
      "fov": 50,
      "aspect": 1
    },
    {
      "camera_to_world": [
        0.27398482182760575,
        -0.0886572877034695,
        0.9576388686478632,
        0.28305583922115046,
        0.9615970511267128,
        0.008449235040269636,
        -0.27433505370558176,
        0.22858741286172068,
        0.01623048589861882,
        0.9960263529466972,
        0.08756754857363666,
        0.0345994267257515,
        0,
        0,
        0,
        1
      ],
      "fov": 50,
      "aspect": 1
    },
    {
      "camera_to_world": [
        0.28129615889999887,
        -0.09262152128163939,
        0.9551406832417837,
        0.30021199875099425,
        0.9595219099202215,
        0.012843991826012117,
        -0.28134096085892635,
        0.2083392420908658,
        0.013790408665342823,
        0.9956185442575124,
        0.09248534456547525,
        0.027104396705489267,
        0,
        0,
        0,
        1
      ],
      "fov": 50,
      "aspect": 1
    },
    {
      "camera_to_world": [
        0.2889118161223552,
        -0.09669145869068609,
        0.9524603531492268,
        0.3154153724127824,
        0.9572888822528282,
        0.017422287402672272,
        -0.28860779583509155,
        0.18675715541723317,
        0.01131187075658216,
        0.9951619092981433,
        0.09759516310791409,
        0.019456225365782717,
        0,
        0,
        0,
        1
      ],
      "fov": 50,
      "aspect": 1
    },
    {
      "camera_to_world": [
        0.29659448820074913,
        -0.10073544097462289,
        0.9496757765156403,
        0.3286904767096135,
        0.9549622957005508,
        0.02204511971970626,
        -0.2959071247653186,
        0.163854523276251,
        0.008872618512574827,
        0.9946689819373037,
        0.10273700897212376,
        0.011794935337067464,
        0,
        0,
        0,
        1
      ],
      "fov": 50,
      "aspect": 1
    },
    {
      "camera_to_world": [
        0.30406628091048665,
        -0.10460841428074058,
        0.946890055114602,
        0.3400618281445855,
        0.9526283232088467,
        0.02654831586106617,
        -0.3029760134816655,
        0.1396447161033475,
        0.0065555040665324985,
        0.9941590750914112,
        0.10772538595810952,
        0.004260549249779394,
        0,
        0,
        0,
        1
      ],
      "fov": 50,
      "aspect": 1
    },
    {
      "camera_to_world": [
        0.31100864641855286,
        -0.10815346223986322,
        0.9442332606185984,
        0.34955394322079675,
        0.9503966714697786,
        0.030741290226019367,
        -0.3095175922858111,
        0.11414110433395114,
        0.0044484505241199354,
        0.9936587954025115,
        0.11234949758305256,
        -0.003006910265645646,
        0,
        0,
        0,
        1
      ],
      "fov": 50,
      "aspect": 1
    },
    {
      "camera_to_world": [
        0.3170671722697772,
        -0.11120470997933139,
        0.9418608818436299,
        0.3571913384413454,
        0.9483993982047025,
        0.034409049924651096,
        -0.3152056452036373,
        0.08735705840348984,
        0.0026438142532851446,
        0.9932016561412369,
        0.11637646018202505,
        -0.00986742057877188,
        0,
        0,
        0,
        1
      ],
      "fov": 50,
      "aspect": 1
    },
    {
      "camera_to_world": [
        0.321862385504233,
        -0.1135914278250217,
        0.9399476540330306,
        0.3629985303093302,
        0.9467856539882996,
        0.03731855173922071,
        -0.31969399603063403,
        0.05930594874739198,
        0.0012370123170157565,
        0.9928264265322312,
        0.11955817236712665,
        -0.016180959059163696,
        0,
        0,
        0,
        1
      ],
      "fov": 50,
      "aspect": 1
    },
    {
      "camera_to_world": [
        0.325007267515328,
        -0.1151430674740917,
        0.9386758493084163,
        0.36700003532784886,
        0.9457114627971701,
        0.039230150027020017,
        -0.3226310965528499,
        0.030001145801086104,
        0.0003243397245153782,
        0.9925739616479541,
        0.12164220263637465,
        -0.021807503076384904,
        0,
        0,
        0,
        1
      ],
      "fov": 50,
      "aspect": 1
    },
    {
      "camera_to_world": [
        0.32613131892551656,
        -0.11569502213566815,
        0.9382180048735638,
        0.36922037,
        0.9453244748846308,
        0.03991409422338967,
        -0.323679629056917,
        -0.00054398,
        7.702172233337022e-16,
        0.9924825071180619,
        0.12238657223995766,
        -0.02660703,
        0,
        0,
        0,
        1
      ],
      "fov": 50,
      "aspect": 1
    },
    {
      "camera_to_world": [
        0.324905668251746,
        -0.11540610214305468,
        0.9386787194381435,
        0.36928607431760957,
        0.9457463666343792,
        0.039288524230217246,
        -0.3225216610736123,
        -0.030267711526975858,
        0.00034166614817416485,
        0.9925411041624213,
        0.12190996600887365,
        -0.030525144101547136,
        0,
        0,
        0,
        1
      ],
      "fov": 50,
      "aspect": 1
    },
    {
      "camera_to_world": [
        0.32144203874684396,
        -0.11458290074098997,
        0.9399711562511122,
        0.3669589577641699,
        0.9469283467574704,
        0.037520417876076906,
        -0.3192474343664623,
        -0.05954490474674074,
        0.0013121865098271528,
        0.9927048791560285,
        0.12056243638206061,
        -0.033973211106597345,
        0,
        0,
        0,
        1
      ],
      "fov": 50,
      "aspect": 1
    },
    {
      "camera_to_world": [
        0.31606971592263894,
        -0.11328636911336035,
        0.9419480523095177,
        0.3623058904802788,
        0.9487317394307652,
        0.03477712481105144,
        -0.31416339409064115,
        -0.08827774921755069,
        0.0028321852441635584,
        0.992953548844551,
        0.11847036998234925,
        -0.036989129265763844,
        0,
        0,
        0,
        1
      ],
      "fov": 50,
      "aspect": 1
    },
    {
      "camera_to_world": [
        0.30912512784576957,
        -0.11157482721549952,
        0.944453658612305,
        0.3553937426065338,
        0.9510091417135799,
        0.03122936060522162,
        -0.30758143541733657,
        -0.11636843449766143,
        0.004823661631660102,
        0.9932652138115079,
        0.11576246075668395,
        -0.039610796829659824,
        0,
        0,
        0,
        1
      ],
      "fov": 50,
      "aspect": 1
    },
    {
      "camera_to_world": [
        0.300945988731547,
        -0.10950741037982438,
        0.947332908189247,
        0.34628938428353223,
        0.953613944297051,
        0.027048357616386482,
        -0.29981466207054797,
        -0.14371915014532993,
        0.007208127954773689,
        0.9936178910537797,
        0.11256788826848806,
        -0.04187611204889858,
        0,
        0,
        0,
        1
      ],
      "fov": 50,
      "aspect": 1
    },
    {
      "camera_to_world": [
        0.29186619263510255,
        -0.10714666480517071,
        0.950438697559089,
        0.33505968565187205,
        0.9564078691140813,
        0.02240339804572065,
        -0.29117361771401523,
        -0.17023208571881135,
        0.00990522555783993,
        0.9939907846540296,
        0.10901470785868723,
        -0.04382297317409326,
        0,
        0,
        0,
        1
      ],
      "fov": 50,
      "aspect": 1
    },
    {
      "camera_to_world": [
        0.2822114536899,
        -0.10456022207416378,
        0.9536371717618997,
        0.32177151685215094,
        0.9592664066487159,
        0.017459739900478947,
        -0.28196297373568097,
        -0.19580943077636168,
        0.01283185417210328,
        0.9943652837073552,
        0.10522844708583654,
        -0.04548927845585708,
        0,
        0,
        0,
        1
      ],
      "fov": 50,
      "aspect": 1
    },
    {
      "camera_to_world": [
        0.2722957918549792,
        -0.10182159413145091,
        0.9568110391851674,
        0.306491748024966,
        0.9620821872594212,
        0.012376988259290237,
        -0.2724787608599205,
        -0.22035337487623788,
        0.015901782799365393,
        0.9947256773252409,
        0.10133094381107055,
        -0.0469129261448033,
        0,
        0,
        0,
        1
      ],
      "fov": 50,
      "aspect": 1
    },
    {
      "camera_to_world": [
        0.26241901049891897,
        -0.09901021194539461,
        0.9598610528921862,
        0.2892872493109156,
        0.964766441686154,
        0.007307977745527401,
        -0.26300628596576914,
        -0.2437661075766948,
        0.01902566490310727,
        0.9950595818300524,
        0.09743948215787972,
        -0.048131814491545105,
        0,
        0,
        0,
        1
      ],
      "fov": 50,
      "aspect": 1
    },
    {
      "camera_to_world": [
        0.2528653098751185,
        -0.09621088066494646,
        0.9627058748670001,
        0.27022489085059676,
        0.9672487906319798,
        0.002398221449161697,
        -0.25381888336932995,
        -0.2659498184359894,
        0.022111356420016545,
        0.9953580837947499,
        0.09366628497869862,
        -0.04918384174669573,
        0,
        0,
        0,
        1
      ],
      "fov": 50,
      "aspect": 1
    },
    {
      "camera_to_world": [
        0.24390314368846136,
        -0.09351284160273063,
        0.9652805835373819,
        0.249371542784607,
        0.9694756473732213,
        -0.002214043985088769,
        -0.24517762369250926,
        -0.28680669701237765,
        0.02506442995879543,
        0.9956156118023737,
        0.0901184103622891,
        -0.05010690616086838,
        0,
        0,
        0,
        1
      ],
      "fov": 50,
      "aspect": 1
    },
    {
      "camera_to_world": [
        0.2357863732015303,
        -0.0910086202581869,
        0.9675340910020533,
        0.22679407525354467,
        0.971407519754269,
        -0.0063972169381702635,
        -0.2373320588970346,
        -0.30623893286411485,
        0.027788788698469374,
        0.9958295570297897,
        0.08689808150082888,
        -0.050938905984676264,
        0,
        0,
        0,
        1
      ],
      "fov": 50,
      "aspect": 1
    },
    {
      "camera_to_world": [
        0.2287567219908702,
        -0.08879280582363726,
        0.9694257061672944,
        0.2025593583980067,
        0.9730154617433271,
        -0.010025117150649975,
        -0.2305220341627584,
        -0.3241487155494578,
        0.030187304490662394,
        0.9959996659939608,
        0.08410346002101483,
        -0.05171773946873262,
        0,
        0,
        0,
        1
      ],
      "fov": 50,
      "aspect": 1
    },
    {
      "camera_to_world": [
        0.2230474971602654,
        -0.0869608580829064,
        0.9709210179886033,
        0.17673426235859066,
        0.974276855905325,
        -0.01297523673681058,
        -0.224980557557444,
        -0.34043823462666245,
        0.032162432398313304,
        0.9961272270112429,
        0.08182985732063568,
        -0.05248130486365067,
        0,
        0,
        0,
        1
      ],
      "fov": 50,
      "aspect": 1
    },
    {
      "camera_to_world": [
        0.21888852599399722,
        -0.08560797819668316,
        0.9719871847186317,
        0.149385657275895,
        0.9751706132395396,
        -0.015126491813725301,
        -0.22093769329706925,
        -0.3550096796539843,
        0.03361678542329326,
        0.996214065005351,
        0.08017136909969003,
        -0.05326750042004359,
        0,
        0,
        0,
        1
      ],
      "fov": 50,
      "aspect": 1
    },
    {
      "camera_to_world": [
        0.21651226088610978,
        -0.08482801375239743,
        0.9725876047785147,
        0.12058041329051679,
        0.9756717605408768,
        -0.016356496676677185,
        -0.21862543470404286,
        -0.36776524018967977,
        0.03445368730703561,
        0.996261347789469,
        0.07922291544534378,
        -0.05411422438852462,
        0,
        0,
        0,
        1
      ],
      "fov": 50,
      "aspect": 1
    },
    {
      "camera_to_world": [
        0.2161610243669332,
        -0.08471229488543201,
        0.972675813742627,
        0.090385400543053,
        0.9757452485799377,
        -0.01653835878642893,
        -0.2182835141789847,
        -0.3786071057920052,
        0.03457775901231582,
        0.996268191695336,
        0.07908267065414049,
        -0.05505937501970702,
        0,
        0,
        0,
        1
      ],
      "fov": 50,
      "aspect": 1
    },
    {
      "camera_to_world": [
        0.21809538893263888,
        -0.08534821169570454,
        0.9721882966209099,
        0.05886748917410205,
        0.9753386524498796,
        -0.015536965045170614,
        -0.22016610945928625,
        -0.3874374660192161,
        0.033895639300273867,
        0.9962300364260909,
        0.07985486934993623,
        -0.056140850564203953,
        0,
        0,
        0,
        1
      ],
      "fov": 50,
      "aspect": 1
    },
    {
      "camera_to_world": [
        0.22260369470413102,
        -0.08681723247252579,
        0.9710357167735292,
        0.026093549324261833,
        0.9743732378973469,
        -0.013204706388905285,
        -0.22454939100033905,
        -0.39415851042956884,
        0.03231699821317517,
        0.9961367395468326,
        0.08165297147988806,
        -0.05739654927262862,
        0,
        0,
        0,
        1
      ],
      "fov": 50,
      "aspect": 1
    },
    {
      "camera_to_world": [
        0.23001267148262675,
        -0.0891919098894912,
        0.9690918295846324,
        -0.007869548865871281,
        0.9727326181338968,
        -0.009376582645789982,
        -0.2317397965742207,
        -0.39867242858131935,
        0.029756084685317048,
        0.9959703223029044,
        0.0846031471994316,
        -0.05886436939559432,
        0,
        0,
        0,
        1
      ],
      "fov": 50,
      "aspect": 1
    },
    {
      "camera_to_world": [
        0.24069899912241458,
        -0.09253120375042731,
        0.9661790559487226,
        -0.042954935255698115,
        0.9702479048621873,
        -0.0038646683626073043,
        -0.2420827698308643,
        -0.40088141003272365,
        0.026134171729826322,
        0.995702285159045,
        0.0888479847664086,
        -0.06058220918371416,
        0,
        0,
        0,
        1
      ],
      "fov": 50,
      "aspect": 1
    },
    {
      "camera_to_world": [
        0.25510132142812053,
        -0.0968731332620066,
        0.9620493292225863,
        -0.07909573970462223,
        0.9666778491123731,
        0.0035479489537946934,
        -0.25597138139584547,
        -0.40068764434203774,
        0.02138344783010549,
        0.9952904139547527,
        0.09455019856496537,
        -0.06258796688760146,
        0,
        0,
        0,
        1
      ],
      "fov": 50,
      "aspect": 1
    },
    {
      "camera_to_world": [
        0.27373156652311,
        -0.10222332885940877,
        0.9563584163511634,
        -0.11622509207204601,
        0.9616819789342316,
        0.013113332972006064,
        -0.27385363224084797,
        -0.39799332106751795,
        0.015453183553706578,
        0.9946750381583256,
        0.10189586636752732,
        -0.0649195407578694,
        0,
        0,
        0,
        1
      ],
      "fov": 50,
      "aspect": 1
    },
    {
      "camera_to_world": [
        0.2971831511097492,
        -0.10853747684433841,
        0.9486315358540136,
        -0.15427612221737078,
        0.9547842489148864,
        0.02512387583545643,
        -0.2962361032808809,
        -0.39270062976741993,
        0.008319418279911079,
        0.9937748271028348,
        0.11109626589680956,
        -0.06761482904513116,
        0,
        0,
        0,
        1
      ],
      "fov": 50,
      "aspect": 1
    },
    {
      "camera_to_world": [
        0.32613131892551656,
        -0.11569502213566815,
        0.9382180048735638,
        -0.19318196,
        0.9453244748846308,
        0.03991409422338967,
        -0.323679629056917,
        -0.38471176,
        7.702172233337022e-16,
        0.9924825071180619,
        0.12238657223995766,
        -0.07071173,
        0,
        0,
        0,
        1
      ],
      "fov": 50,
      "aspect": 1
    },
    {
      "camera_to_world": [
        0.3599985410693357,
        -0.12318850840845078,
        0.9247841055208783,
        -0.23307109103987966,
        0.9329086536108249,
        0.05718263267715368,
        -0.3555440767867578,
        -0.3742247818299441,
        -0.009082645318850127,
        0.9907344436912502,
        0.13550928985793262,
        -0.07407691056158161,
        0,
        0,
        0,
        1
      ],
      "fov": 50,
      "aspect": 1
    },
    {
      "camera_to_world": [
        0.39218034121672823,
        -0.1294380181620279,
        0.9107361744311121,
        -0.2676029886833247,
        0.9197295781739779,
        0.07356836663363961,
        -0.3855971971666482,
        -0.36305545341756584,
        -0.017090435776982747,
        0.9888546378943395,
        0.14790004097297577,
        -0.07700326838634416,
        0,
        0,
        0,
        1
      ],
      "fov": 50,
      "aspect": 1
    },
    {
      "camera_to_world": [
        0.4227674410635762,
        -0.13459443862297438,
        0.8961874959339269,
        -0.29726229521957415,
        0.9059161865438534,
        0.08912763690996178,
        -0.4139711672286955,
        -0.3510882627736935,
        -0.024156856881603177,
        0.9868842897881253,
        0.15961154355180374,
        -0.07953161476760837,
        0,
        0,
        0,
        1
      ],
      "fov": 50,
      "aspect": 1
    },
    {
      "camera_to_world": [
        0.45193171279732247,
        -0.13879933759026095,
        0.8811881018560017,
        -0.3225336529378659,
        0.8915340353659506,
        0.10395280394591412,
        -0.4408637866006763,
        -0.3382076979091557,
        -0.030410372444001126,
        0.9848495105529002,
        0.17072390228532744,
        -0.0817027609986947,
        0,
        0,
        0,
        1
      ],
      "fov": 50,
      "aspect": 1
    },
    {
      "camera_to_world": [
        0.47991045290264306,
        -0.14217708607448215,
        0.8657202974345405,
        -0.34390170412743803,
        0.8765797896581526,
        0.11816618250405113,
        -0.4665239818865567,
        -0.3242982468347811,
        -0.035969842335616224,
        0.9827626516650847,
        0.18133874636867414,
        -0.08355751837292376,
        0,
        0,
        0,
        1
      ],
      "fov": 50,
      "aspect": 1
    },
    {
      "camera_to_world": [
        0.5069904272849604,
        -0.14482909136255379,
        0.8496971465978397,
        -0.36185109107752916,
        0.860978842929062,
        0.13191307878015626,
        -0.4912375918791985,
        -0.3092443975613982,
        -0.04094067256344144,
        0.9806240227232034,
        0.191573451679025,
        -0.08513669818361616,
        0,
        0,
        0,
        1
      ],
      "fov": 50,
      "aspect": 1
    },
    {
      "camera_to_world": [
        0.5334923661643982,
